VLM FREESTREAM DERIVATIVES
================================================================================

────────────────────────────────────────────────────────────────────────────────────────
 wing   Values                            Freestream   Derivatives
                    ∂/∂M     ∂/∂α, 1/rad  ∂/∂β, 1/rad     ∂/∂p̄        ∂/∂q̄      ∂/∂r̄
────────────────────────────────────────────────────────────────────────────────────────
  CX   0.0179666  0.0319994   0.202389       -0.0          0.0      -5.9361     -0.0
  CY     -0.0        0.0         0.0      -0.0546809   -0.00120218    0.0     0.179443
  CZ   0.954856   0.758854     5.60301       -0.0         -0.0      77.0473      0.0
  Cℓ      0.0        0.0        -0.0       -0.138629    -0.521725     -0.0    0.592008
  Cm   -4.47865   -3.67325    -25.1977        0.0         -0.0      -349.552     0.0
  Cn     -0.0       -0.0        -0.0       0.0390118   -0.0769917     0.0     -0.129041
 CDi   0.032164   0.0515516   0.377167       -0.0         -0.0      5.18493     -0.0
  CY      0.0        0.0        -0.0       -0.020398    -0.14884      0.0     0.100875
  CL   0.955556   0.758498     5.61682       -0.0         -0.0      76.6779     -0.0
────────────────────────────────────────────────────────────────────────────────────────
─────────────────────────────────────────────────────────────────────────────────────────────
 htail    Values                              Freestream   Derivatives
                       ∂/∂M      ∂/∂α, 1/rad  ∂/∂β, 1/rad     ∂/∂p̄        ∂/∂q̄       ∂/∂r̄
─────────────────────────────────────────────────────────────────────────────────────────────
  CX    -0.0054849  -0.00689946  -0.0275019      -0.0          0.0       2.3963      0.0
  CY       -0.0        -0.0          0.0       0.0357112   -0.0121468     0.0     -0.0894836
  CZ    -0.132394    -0.125799     0.66282        0.0          0.0      22.3127      0.0
  Cℓ       -0.0        -0.0          0.0       0.0316573   -0.0141936     0.0     -0.0886856
  Cm      1.1244      1.0736      -5.56059        0.0         -0.0      -189.395     -0.0
  Cn       0.0          0.0         -0.0      -0.0442252    0.0160929     -0.0     0.111303
  CDi   0.00328995  0.00637034   -0.0325516      -0.0          0.0      -1.10619     -0.0
  CY       -0.0        -0.0          0.0       0.0049693   -0.00154783    0.0     -0.0130319
  CL    -0.132016    -0.126056    0.660323       -0.0          0.0      22.2528      0.0
─────────────────────────────────────────────────────────────────────────────────────────────
────────────────────────────────────────────────────────────────────────────
 vtail  Values                     Freestream   Derivatives
                ∂/∂M  ∂/∂α, 1/rad  ∂/∂β, 1/rad     ∂/∂p̄      ∂/∂q̄    ∂/∂r̄
────────────────────────────────────────────────────────────────────────────
  CX     0.0    -0.0      0.0          0.0         -0.0      0.0     -0.0
  CY     -0.0   -0.0     -0.0       -0.599946    0.043864    -0.0  1.77397
  CZ     -0.0   0.0       0.0          0.0         -0.0      -0.0    -0.0
  Cℓ     -0.0   -0.0     -0.0      -0.0430113   0.00130449   -0.0  0.12957
  Cm     0.0    -0.0     -0.0         -0.0          0.0      0.0     0.0
  Cn     0.0    0.0       0.0        0.6662     -0.0481844   0.0   -1.97063
  CDi    0.0    0.0       0.0          0.0         -0.0      0.0     -0.0
  CY     -0.0   -0.0     -0.0       -0.592381    0.0433339   -0.0   1.7516
  CL     0.0    0.0       0.0          0.0         -0.0      0.0     -0.0
────────────────────────────────────────────────────────────────────────────
───────────────────────────────────────────────────────────────────────────────────────────
 aircraft   Values                            Freestream   Derivatives
                        ∂/∂M     ∂/∂α, 1/rad  ∂/∂β, 1/rad     ∂/∂p̄        ∂/∂q̄      ∂/∂r̄
───────────────────────────────────────────────────────────────────────────────────────────
    CX     0.0124817  0.0250999   0.174887        0.0          0.0      -3.5398     -0.0
    CY       -0.0       -0.0        -0.0       -0.618916    0.030515      -0.0    1.86393
    CZ     0.822461   0.633055     6.26582       -0.0         -0.0       99.36      0.0
    Cℓ        0.0       -0.0        -0.0       -0.149983    -0.534614     -0.0    0.632893
    Cm     -3.35425   -2.59965    -30.7583        0.0         -0.0      -538.947    -0.0
    Cn        0.0        0.0         0.0       0.660986     -0.109083     0.0     -1.98836
   CDi     0.035454   0.057922    0.344615        0.0         -0.0      4.07874     -0.0
    CY       -0.0       -0.0        -0.0       -0.607809    -0.107054     -0.0    1.83944
    CL      0.82354   0.632441     6.27715       -0.0         -0.0      98.9306     -0.0
───────────────────────────────────────────────────────────────────────────────────────────

AIRCRAFT DERIVATIVES ONLY
================================================================================

──────────────────────────────────────────────────────────────────────────────────────
       Values                            Freestream   Derivatives
                   ∂/∂M     ∂/∂α, 1/rad  ∂/∂β, 1/rad     ∂/∂p̄        ∂/∂q̄      ∂/∂r̄
──────────────────────────────────────────────────────────────────────────────────────
 CX   0.0124817  0.0250999   0.174887        0.0          0.0      -3.5398     -0.0
 CY     -0.0       -0.0        -0.0       -0.618916    0.030515      -0.0    1.86393
 CZ   0.822461   0.633055     6.26582       -0.0         -0.0       99.36      0.0
 Cℓ      0.0       -0.0        -0.0       -0.149983    -0.534614     -0.0    0.632893
 Cm   -3.35425   -2.59965    -30.7583        0.0         -0.0      -538.947    -0.0
 Cn      0.0        0.0         0.0       0.660986     -0.109083     0.0     -1.98836
 CDi  0.035454   0.057922    0.344615        0.0         -0.0      4.07874     -0.0
 CY     -0.0       -0.0        -0.0       -0.607809    -0.107054     -0.0    1.83944
 CL    0.82354   0.632441     6.27715       -0.0         -0.0      98.9306     -0.0
──────────────────────────────────────────────────────────────────────────────────────
