VLM FREESTREAM DERIVATIVES
================================================================================

────────────────────────────────────────────────────────────────────────────────────────
 wing   Values                            Freestream   Derivatives
                    ∂/∂M     ∂/∂α, 1/rad  ∂/∂β, 1/rad     ∂/∂p̄        ∂/∂q̄      ∂/∂r̄
────────────────────────────────────────────────────────────────────────────────────────
  CX   0.0207875  0.0498708   0.234556        0.0         -0.0      -5.09838    -0.0
  CY     -0.0       -0.0        -0.0      -0.0614689   0.00015524     -0.0    0.192779
  CZ    1.03405    1.12912     6.02157       -0.0         -0.0      85.2338      0.0
  Cℓ      0.0       -0.0        -0.0       -0.155478    -0.543819     -0.0    0.621149
  Cm   -4.35505   -4.93649    -24.1788       -0.0         -0.0      -346.13      0.0
  Cn     -0.0        0.0         0.0       0.0416883    -0.081279     0.0     -0.132111
 CDi   0.0378097  0.082488    0.439975        0.0          0.0      6.20999     -0.0
  CY     -0.0       -0.0        -0.0      -0.0243735    -0.153506     -0.0    0.106478
  CL    1.03487    1.12838     6.03822        0.0          0.0      84.8562      0.0
────────────────────────────────────────────────────────────────────────────────────────
────────────────────────────────────────────────────────────────────────────────────────────
 htail    Values                             Freestream   Derivatives
                       ∂/∂M     ∂/∂α, 1/rad  ∂/∂β, 1/rad     ∂/∂p̄        ∂/∂q̄       ∂/∂r̄
────────────────────────────────────────────────────────────────────────────────────────────
  CX    -0.0067515  -0.0121219  -0.0387303      -0.0         -0.0      2.32849      -0.0
  CY       -0.0        0.0         -0.0       0.0307755   -0.0132542     0.0     -0.0836474
  CZ    -0.148714   -0.198635    0.623314        0.0         -0.0      23.0842      0.0
  Cℓ       -0.0        0.0         -0.0       0.0258117   -0.0145292     0.0     -0.0809328
  Cm     1.12174     1.50641     -4.63545       -0.0          0.0      -174.149     -0.0
  Cn       0.0         -0.0         0.0      -0.0343265    0.0159787     -0.0    0.0948267
  CDi   0.00424324  0.0114661   -0.0356883      -0.0          0.0      -1.31965     0.0
  CY       -0.0        0.0         -0.0      0.00412134   -0.00160445    0.0     -0.0117605
  CL    -0.147919   -0.198078    0.622923        0.0         -0.0       22.984      0.0
────────────────────────────────────────────────────────────────────────────────────────────
────────────────────────────────────────────────────────────────────────────
 vtail  Values                     Freestream   Derivatives
                ∂/∂M  ∂/∂α, 1/rad  ∂/∂β, 1/rad     ∂/∂p̄      ∂/∂q̄    ∂/∂r̄
────────────────────────────────────────────────────────────────────────────
  CX     -0.0   0.0      -0.0          0.0         -0.0      0.0     -0.0
  CY     0.0    -0.0      0.0       -0.551379    0.0601058   -0.0  1.66483
  CZ     0.0    -0.0      0.0         -0.0          0.0      -0.0    0.0
  Cℓ     0.0    -0.0      0.0      -0.0361053    0.0022209   -0.0  0.111666
  Cm     -0.0   0.0      -0.0          0.0         -0.0      0.0     -0.0
  Cn     -0.0   0.0      -0.0       0.563062    -0.0606452   0.0   -1.70178
  CDi    0.0    -0.0      0.0         -0.0          0.0      -0.0    0.0
  CY     0.0    -0.0      0.0       -0.542745    0.0591352   -0.0  1.63893
  CL     -0.0   0.0      -0.0          0.0         -0.0      0.0     -0.0
────────────────────────────────────────────────────────────────────────────
───────────────────────────────────────────────────────────────────────────────────────────
 aircraft   Values                            Freestream   Derivatives
                        ∂/∂M     ∂/∂α, 1/rad  ∂/∂β, 1/rad     ∂/∂p̄        ∂/∂q̄      ∂/∂r̄
───────────────────────────────────────────────────────────────────────────────────────────
    CX     0.014036   0.0377489   0.195825        0.0         -0.0      -2.76989    -0.0
    CY        0.0       -0.0         0.0       -0.582073    0.0470069     -0.0    1.77396
    CZ      0.88534   0.930486     6.64488       -0.0         -0.0      108.318     0.0
    Cℓ        0.0       -0.0        -0.0       -0.165771    -0.556128     -0.0    0.651883
    Cm     -3.23331   -3.43008    -28.8143       -0.0         -0.0      -520.279    -0.0
    Cn       -0.0        0.0        -0.0       0.570424     -0.125946     0.0     -1.73906
   CDi     0.0420529  0.0939541   0.404287       -0.0          0.0      4.89035     0.0
    CY        0.0       -0.0         0.0       -0.562997   -0.0959748     -0.0    1.73365
    CL     0.886956   0.930301     6.66115        0.0          0.0       107.84     0.0
───────────────────────────────────────────────────────────────────────────────────────────

AIRCRAFT DERIVATIVES ONLY
================================================================================

──────────────────────────────────────────────────────────────────────────────────────
       Values                            Freestream   Derivatives
                   ∂/∂M     ∂/∂α, 1/rad  ∂/∂β, 1/rad     ∂/∂p̄        ∂/∂q̄      ∂/∂r̄
──────────────────────────────────────────────────────────────────────────────────────
 CX   0.014036   0.0377489   0.195825        0.0         -0.0      -2.76989    -0.0
 CY      0.0       -0.0         0.0       -0.582073    0.0470069     -0.0    1.77396
 CZ    0.88534   0.930486     6.64488       -0.0         -0.0      108.318     0.0
 Cℓ      0.0       -0.0        -0.0       -0.165771    -0.556128     -0.0    0.651883
 Cm   -3.23331   -3.43008    -28.8143       -0.0         -0.0      -520.279    -0.0
 Cn     -0.0        0.0        -0.0       0.570424     -0.125946     0.0     -1.73906
 CDi  0.0420529  0.0939541   0.404287       -0.0          0.0      4.89035     0.0
 CY      0.0       -0.0         0.0       -0.562997   -0.0959748     -0.0    1.73365
 CL   0.886956   0.930301     6.66115        0.0          0.0       107.84     0.0
──────────────────────────────────────────────────────────────────────────────────────
