VLM FREESTREAM DERIVATIVES
================================================================================

────────────────────────────────────────────────────────────────────────────────────────
 wing   Values                            Freestream   Derivatives
                    ∂/∂M     ∂/∂α, 1/rad  ∂/∂β, 1/rad     ∂/∂p̄        ∂/∂q̄      ∂/∂r̄
────────────────────────────────────────────────────────────────────────────────────────
  CX   0.0179666  0.0319994   0.202389        0.0         -0.0      -5.9361      0.0
  CY     -0.0        0.0         0.0      -0.0549998   -0.00119258    0.0     0.180442
  CZ   0.954856   0.758854     5.60301        0.0         -0.0      77.0473     -0.0
  Cℓ      0.0       -0.0        -0.0       -0.138538    -0.52172      -0.0    0.591643
  Cm   -4.47865   -3.67325    -25.1977        0.0         -0.0      -349.552     0.0
  Cn     -0.0       -0.0         0.0       0.0394401   -0.0770036     0.0     -0.130394
 CDi   0.032164   0.0515516   0.377167       -0.0         -0.0      5.18493     -0.0
  CY      0.0        0.0        -0.0      -0.0204045    -0.148838     0.0     0.100883
  CL   0.955556   0.758498     5.61682        0.0         -0.0      76.6779     -0.0
────────────────────────────────────────────────────────────────────────────────────────
─────────────────────────────────────────────────────────────────────────────────────────────
 htail    Values                              Freestream   Derivatives
                       ∂/∂M      ∂/∂α, 1/rad  ∂/∂β, 1/rad     ∂/∂p̄        ∂/∂q̄       ∂/∂r̄
─────────────────────────────────────────────────────────────────────────────────────────────
  CX    -0.0054849  -0.00689946  -0.0275019       0.0         -0.0       2.3963      -0.0
  CY       -0.0        -0.0         -0.0       0.0359186   -0.0122931     0.0     -0.0918716
  CZ    -0.132394    -0.125799     0.66282        0.0         -0.0      22.3127      0.0
  Cℓ       -0.0        -0.0         -0.0       0.0321554   -0.0142802     -0.0    -0.0917365
  Cm      1.1244      1.0736      -5.56059       -0.0          0.0      -189.395     -0.0
  Cn       0.0          0.0          0.0      -0.0448666    0.0163018     0.0      0.115463
  CDi   0.00328995  0.00637034   -0.0325516      -0.0          0.0      -1.10619     0.0
  CY       -0.0        -0.0         -0.0       0.0050864   -0.00157715    -0.0    -0.0136734
  CL    -0.132016    -0.126056    0.660323        0.0          0.0      22.2528      0.0
─────────────────────────────────────────────────────────────────────────────────────────────
────────────────────────────────────────────────────────────────────────────
 vtail  Values                     Freestream   Derivatives
                ∂/∂M  ∂/∂α, 1/rad  ∂/∂β, 1/rad     ∂/∂p̄      ∂/∂q̄    ∂/∂r̄
────────────────────────────────────────────────────────────────────────────
  CX     0.0    0.0       0.0         -0.0          0.0      0.0     0.0
  CY     0.0    0.0       0.0       -0.856305    0.0471388   0.0   2.62288
  CZ     -0.0   -0.0     -0.0          0.0         -0.0      -0.0    -0.0
  Cℓ     0.0    0.0       0.0      -0.0711026   -0.00054935  0.0   0.222233
  Cm     0.0    0.0       0.0         -0.0          0.0      0.0     0.0
  Cn     -0.0   -0.0     -0.0       0.987569    -0.0524201   -0.0  -3.02787
  CDi    0.0    0.0       0.0         -0.0          0.0      0.0     0.0
  CY     0.0    0.0       0.0       -0.844854    0.0464781   0.0   2.58799
  CL     -0.0   -0.0     -0.0          0.0         -0.0      -0.0    -0.0
────────────────────────────────────────────────────────────────────────────
───────────────────────────────────────────────────────────────────────────────────────────
 aircraft   Values                            Freestream   Derivatives
                        ∂/∂M     ∂/∂α, 1/rad  ∂/∂β, 1/rad     ∂/∂p̄        ∂/∂q̄      ∂/∂r̄
───────────────────────────────────────────────────────────────────────────────────────────
    CX     0.0124817  0.0250999   0.174887       -0.0          0.0      -3.5398     0.0
    CY        0.0        0.0         0.0       -0.875387    0.0336531     0.0     2.71145
    CZ     0.822461   0.633055     6.26582        0.0         -0.0       99.36      0.0
    Cℓ        0.0       -0.0         0.0       -0.177486    -0.536549     -0.0    0.722139
    Cm     -3.35425   -2.59965    -30.7583       -0.0          0.0      -538.947    -0.0
    Cn       -0.0       -0.0        -0.0       0.982143     -0.113122     -0.0    -3.0428
   CDi     0.035454   0.057922    0.344615       -0.0          0.0      4.07874     0.0
    CY        0.0        0.0         0.0       -0.860173    -0.103937     0.0      2.6752
    CL      0.82354   0.632441     6.27715        0.0         -0.0      98.9306     0.0
───────────────────────────────────────────────────────────────────────────────────────────

AIRCRAFT DERIVATIVES ONLY
================================================================================

──────────────────────────────────────────────────────────────────────────────────────
       Values                            Freestream   Derivatives
                   ∂/∂M     ∂/∂α, 1/rad  ∂/∂β, 1/rad     ∂/∂p̄        ∂/∂q̄      ∂/∂r̄
──────────────────────────────────────────────────────────────────────────────────────
 CX   0.0124817  0.0250999   0.174887       -0.0          0.0      -3.5398     0.0
 CY      0.0        0.0         0.0       -0.875387    0.0336531     0.0     2.71145
 CZ   0.822461   0.633055     6.26582        0.0         -0.0       99.36      0.0
 Cℓ      0.0       -0.0         0.0       -0.177486    -0.536549     -0.0    0.722139
 Cm   -3.35425   -2.59965    -30.7583       -0.0          0.0      -538.947    -0.0
 Cn     -0.0       -0.0        -0.0       0.982143     -0.113122     -0.0    -3.0428
 CDi  0.035454   0.057922    0.344615       -0.0          0.0      4.07874     0.0
 CY      0.0        0.0         0.0       -0.860173    -0.103937     0.0      2.6752
 CL    0.82354   0.632441     6.27715        0.0         -0.0      98.9306     0.0
──────────────────────────────────────────────────────────────────────────────────────
