VLM FREESTREAM DERIVATIVES
================================================================================

────────────────────────────────────────────────────────────────────────────────────────
 wing   Values                            Freestream   Derivatives
                    ∂/∂M     ∂/∂α, 1/rad  ∂/∂β, 1/rad     ∂/∂p̄        ∂/∂q̄      ∂/∂r̄
────────────────────────────────────────────────────────────────────────────────────────
  CX   0.0243971  0.0760937   0.276364        0.0          0.0      -4.52828     0.0
  CY      0.0        0.0         0.0      -0.0735877   -0.0016618     -0.0    0.225862
  CZ    1.11379    1.58079     6.45533       -0.0          0.0      104.863      0.0
  Cℓ      0.0        0.0        -0.0       -0.184219    -0.569341     0.0     0.704638
  Cm    -4.705    -6.96273    -25.9837        0.0          0.0      -426.882    -0.0
  Cn     -0.0       -0.0        -0.0       0.050618    -0.0830869     0.0     -0.158234
 CDi   0.0438652  0.124633    0.507762       -0.0         -0.0        8.24       0.0
  CY      0.0        0.0        -0.0      -0.0317868    -0.160707     -0.0    0.124238
  CL    1.11453    1.5785      6.47018       -0.0         -0.0      104.455      0.0
────────────────────────────────────────────────────────────────────────────────────────
─────────────────────────────────────────────────────────────────────────────────────────────
 htail    Values                              Freestream   Derivatives
                        ∂/∂M     ∂/∂α, 1/rad  ∂/∂β, 1/rad     ∂/∂p̄        ∂/∂q̄       ∂/∂r̄
─────────────────────────────────────────────────────────────────────────────────────────────
  CX    -0.00832484  -0.0191672   -0.049958       0.0         -0.0      2.72924      -0.0
  CY        0.0         -0.0        -0.0      -0.0110792   -0.00682928    -0.0    0.0485196
  CZ     -0.177691    -0.31004    0.711632        0.0          0.0      30.9281      0.0
  Cℓ        0.0         0.0         -0.0      0.00507565   -0.0125125     -0.0    -0.0151696
  Cm      1.34503      2.3616      -5.3025       -0.0         -0.0      -234.134     -0.0
  Cn       -0.0         0.0          0.0       0.0127872   0.00905888     0.0     -0.0538694
  CDi   0.00556157   0.0197201   -0.0444539      -0.0          0.0      -1.93805     -0.0
  CY        0.0         0.0         -0.0      -0.00094637  -0.00077821    -0.0    0.0041016
  CL     -0.176729   -0.309347    0.710067        0.0          0.0      30.7928      0.0
─────────────────────────────────────────────────────────────────────────────────────────────
────────────────────────────────────────────────────────────────────────────
 vtail  Values                     Freestream   Derivatives
                ∂/∂M  ∂/∂α, 1/rad  ∂/∂β, 1/rad     ∂/∂p̄      ∂/∂q̄    ∂/∂r̄
────────────────────────────────────────────────────────────────────────────
  CX     0.0    -0.0     -0.0         -0.0          0.0      -0.0    0.0
  CY     -0.0   0.0       0.0       0.377593     -0.105037   0.0   -1.08975
  CZ     -0.0   0.0       0.0          0.0         -0.0      0.0     -0.0
  Cℓ     -0.0   0.0       0.0      -0.00049627  -0.00412876  0.0   0.01339
  Cm     0.0    -0.0     -0.0         -0.0          0.0      -0.0    0.0
  Cn     0.0    -0.0     -0.0       -0.38251     0.107469    -0.0  1.10051
  CDi    0.0    -0.0     -0.0         -0.0          0.0      -0.0    0.0
  CY     -0.0   0.0       0.0       0.372743     -0.103591   0.0   -1.07591
  CL     0.0    -0.0     -0.0          0.0          0.0      -0.0    0.0
────────────────────────────────────────────────────────────────────────────
────────────────────────────────────────────────────────────────────────────────────────────
 aircraft   Values                            Freestream   Derivatives
                        ∂/∂M     ∂/∂α, 1/rad  ∂/∂β, 1/rad     ∂/∂p̄        ∂/∂q̄      ∂/∂r̄
────────────────────────────────────────────────────────────────────────────────────────────
    CX     0.0160723  0.0569265   0.226406       -0.0          0.0      -1.79904     0.0
    CY       -0.0        0.0         0.0       0.292926     -0.113528     0.0     -0.815368
    CZ     0.936099    1.27075     7.16696        0.0         -0.0      135.791     -0.0
    Cℓ        0.0        0.0        -0.0       -0.17964     -0.585982     0.0     0.702859
    Cm     -3.35997   -4.60112    -31.2862       -0.0          0.0      -661.016     0.0
    Cn        0.0       -0.0        -0.0       -0.319105    0.0334408     -0.0    0.888408
   CDi     0.0494267  0.144353    0.463309       -0.0          0.0      6.30195      0.0
    CY       -0.0        0.0         0.0        0.34001     -0.265076     0.0     -0.947575
    CL     0.937797    1.26916     7.18024        0.0          0.0      135.248      0.0
────────────────────────────────────────────────────────────────────────────────────────────

AIRCRAFT DERIVATIVES ONLY
================================================================================

───────────────────────────────────────────────────────────────────────────────────────
       Values                            Freestream   Derivatives
                   ∂/∂M     ∂/∂α, 1/rad  ∂/∂β, 1/rad     ∂/∂p̄        ∂/∂q̄      ∂/∂r̄
───────────────────────────────────────────────────────────────────────────────────────
 CX   0.0160723  0.0569265   0.226406       -0.0          0.0      -1.79904     0.0
 CY     -0.0        0.0         0.0       0.292926     -0.113528     0.0     -0.815368
 CZ   0.936099    1.27075     7.16696        0.0         -0.0      135.791     -0.0
 Cℓ      0.0        0.0        -0.0       -0.17964     -0.585982     0.0     0.702859
 Cm   -3.35997   -4.60112    -31.2862       -0.0          0.0      -661.016     0.0
 Cn      0.0       -0.0        -0.0       -0.319105    0.0334408     -0.0    0.888408
 CDi  0.0494267  0.144353    0.463309       -0.0          0.0      6.30195      0.0
 CY     -0.0        0.0         0.0        0.34001     -0.265076     0.0     -0.947575
 CL   0.937797    1.26916     7.18024        0.0          0.0      135.248      0.0
───────────────────────────────────────────────────────────────────────────────────────
