VLM FREESTREAM DERIVATIVES
================================================================================

────────────────────────────────────────────────────────────────────────────────────────
 wing   Values                            Freestream   Derivatives
                    ∂/∂M     ∂/∂α, 1/rad  ∂/∂β, 1/rad     ∂/∂p̄        ∂/∂q̄      ∂/∂r̄
────────────────────────────────────────────────────────────────────────────────────────
  CX   0.0180922  0.0321776   0.202428        0.0         -0.0      -5.79014    -0.0
  CY     -0.0       -0.0         0.0      -0.0547194   -0.00106793    0.0     0.176848
  CZ   0.955706   0.758439     5.59878       -0.0          0.0      75.1686     -0.0
  Cℓ      0.0        0.0         0.0       -0.139056    -0.521675     0.0     0.584811
  Cm   -4.37175   -3.58361    -24.5272        0.0         -0.0      -332.386    -0.0
  Cn     -0.0       -0.0        -0.0       0.0381376   -0.0771899     -0.0     -0.1244
 CDi   0.0322219  0.0515738   0.377217       -0.0         -0.0      5.06295      0.0
  CY      0.0       -0.0         0.0      -0.0204458    -0.14883      -0.0    0.0993317
  CL   0.956412   0.758087     5.61255       -0.0          0.0       74.795      0.0
────────────────────────────────────────────────────────────────────────────────────────
─────────────────────────────────────────────────────────────────────────────────────────────
 htail    Values                              Freestream   Derivatives
                        ∂/∂M     ∂/∂α, 1/rad  ∂/∂β, 1/rad     ∂/∂p̄        ∂/∂q̄       ∂/∂r̄
─────────────────────────────────────────────────────────────────────────────────────────────
  CX    -0.00564232  -0.0072293  -0.0279278      -0.0         -0.0      2.58365      0.0
  CY       -0.0         -0.0         0.0       0.0298595    -0.012099     -0.0    -0.072276
  CZ     -0.131516   -0.126352    0.661985       -0.0         -0.0      23.8993      -0.0
  Cℓ        0.0         -0.0         0.0       0.0269727   -0.0141774     0.0     -0.0755991
  Cm      1.17417     1.13322      -5.8364       -0.0         -0.0      -213.254     0.0
  Cn       -0.0         0.0         -0.0      -0.0388448    0.0167658     0.0      0.094564
  CDi   0.00324684   0.00635639  -0.0322422      -0.0          0.0      -1.17699     0.0
  CY       -0.0         -0.0         0.0       0.0041246   -0.00154449    0.0     -0.0106278
  CL     -0.131139   -0.126603    0.659078       -0.0         -0.0      23.8342      -0.0
─────────────────────────────────────────────────────────────────────────────────────────────
────────────────────────────────────────────────────────────────────────────
 vtail  Values                     Freestream   Derivatives
                ∂/∂M  ∂/∂α, 1/rad  ∂/∂β, 1/rad     ∂/∂p̄      ∂/∂q̄    ∂/∂r̄
────────────────────────────────────────────────────────────────────────────
  CX     -0.0   0.0       0.0         -0.0          0.0      0.0     0.0
  CY     -0.0   -0.0     -0.0       -0.512592    0.0502874   0.0   1.56648
  CZ     0.0    -0.0      0.0          0.0         -0.0      -0.0    -0.0
  Cℓ     -0.0   -0.0     -0.0      -0.0341571   0.00162671   0.0   0.107572
  Cm     -0.0   0.0      -0.0         -0.0          0.0      0.0     0.0
  Cn     0.0    0.0       0.0       0.613595    -0.0594488   -0.0  -1.87671
  CDi    0.0    -0.0      0.0          0.0         -0.0      -0.0    -0.0
  CY     -0.0   -0.0     -0.0        -0.5051     0.0495428   0.0   1.54364
  CL     0.0    0.0       0.0          0.0         -0.0      -0.0    -0.0
────────────────────────────────────────────────────────────────────────────
───────────────────────────────────────────────────────────────────────────────────────────
 aircraft   Values                            Freestream   Derivatives
                        ∂/∂M     ∂/∂α, 1/rad  ∂/∂β, 1/rad     ∂/∂p̄        ∂/∂q̄      ∂/∂r̄
───────────────────────────────────────────────────────────────────────────────────────────
    CX     0.0124499  0.0249483    0.1745        -0.0         -0.0      -3.20649    0.0
    CY       -0.0       -0.0        -0.0       -0.537452    0.0371205     0.0     1.67105
    CZ      0.82419   0.632087     6.26076       -0.0          0.0       99.068     -0.0
    Cℓ        0.0       -0.0         0.0       -0.14624     -0.534225     0.0     0.616783
    Cm     -3.19758   -2.45039    -30.3636        0.0         -0.0      -545.641    0.0
    Cn        0.0        0.0         0.0       0.612888     -0.119873     -0.0    -1.90654
   CDi     0.0354688  0.0579302   0.344974        0.0         -0.0      3.88596     -0.0
    CY       -0.0       -0.0        -0.0       -0.521421    -0.100832     0.0     1.63234
    CL     0.825273   0.631484     6.27163       -0.0         -0.0      98.6292     -0.0
───────────────────────────────────────────────────────────────────────────────────────────

AIRCRAFT DERIVATIVES ONLY
================================================================================

──────────────────────────────────────────────────────────────────────────────────────
       Values                            Freestream   Derivatives
                   ∂/∂M     ∂/∂α, 1/rad  ∂/∂β, 1/rad     ∂/∂p̄        ∂/∂q̄      ∂/∂r̄
──────────────────────────────────────────────────────────────────────────────────────
 CX   0.0124499  0.0249483    0.1745        -0.0         -0.0      -3.20649    0.0
 CY     -0.0       -0.0        -0.0       -0.537452    0.0371205     0.0     1.67105
 CZ    0.82419   0.632087     6.26076       -0.0          0.0       99.068     -0.0
 Cℓ      0.0       -0.0         0.0       -0.14624     -0.534225     0.0     0.616783
 Cm   -3.19758   -2.45039    -30.3636        0.0         -0.0      -545.641    0.0
 Cn      0.0        0.0         0.0       0.612888     -0.119873     -0.0    -1.90654
 CDi  0.0354688  0.0579302   0.344974        0.0         -0.0      3.88596     -0.0
 CY     -0.0       -0.0        -0.0       -0.521421    -0.100832     0.0     1.63234
 CL   0.825273   0.631484     6.27163       -0.0         -0.0      98.6292     -0.0
──────────────────────────────────────────────────────────────────────────────────────
