VLM FREESTREAM DERIVATIVES
================================================================================

───────────────────────────────────────────────────────────────────────────────────────────
 wing    Values                             Freestream   Derivatives
                      ∂/∂M     ∂/∂α, 1/rad  ∂/∂β, 1/rad     ∂/∂p̄        ∂/∂q̄       ∂/∂r̄
───────────────────────────────────────────────────────────────────────────────────────────
  CX   0.00590016  0.00957131   0.114009       -0.0         -0.0      -3.13927     -0.0
  CY      -0.0        -0.0         0.0      -0.0153138   -0.0726057     0.0      0.098688
  CZ    0.508134    0.462099     5.61062        0.0         -0.0      75.1666      -0.0
  Cℓ      -0.0        0.0          0.0      -0.0203328    -0.495149     -0.0     0.308444
  Cm    -2.35511    -2.23174    -24.5776       -0.0         -0.0      -331.695     0.0
  Cn      0.0         0.0         -0.0       0.0115518    0.0143118     -0.0    -0.0663074
 CDi   0.0110128   0.0179013    0.218505        0.0          0.0      2.86341      -0.0
  CY      -0.0        -0.0         0.0      -0.00239614   -0.14293      0.0     0.0744614
  CL    0.508071    0.46191      5.61428        0.0          0.0      74.9404      -0.0
───────────────────────────────────────────────────────────────────────────────────────────
──────────────────────────────────────────────────────────────────────────────────────────────
 htail    Values                               Freestream   Derivatives
                        ∂/∂M      ∂/∂α, 1/rad  ∂/∂β, 1/rad     ∂/∂p̄        ∂/∂q̄       ∂/∂r̄
──────────────────────────────────────────────────────────────────────────────────────────────
  CX    -0.00474589  -0.00620358  -0.0573452      -0.0          0.0      1.81853      0.0
  CY        0.0          0.0         -0.0       0.0137748   -0.00960647    -0.0    -0.0644311
  CZ     -0.136821    -0.128565    0.528705       -0.0         -0.0      20.6396      0.0
  Cℓ        0.0         -0.0          0.0      0.00756658   -0.0126375     -0.0    -0.0808217
  Cm      1.06953      1.00747     -4.10105        0.0         -0.0      -161.596     0.0
  Cn       -0.0         -0.0          0.0      -0.0167255    0.0127745     0.0     0.0817842
  CDi   0.00405182    0.007592    -0.0324434      -0.0          0.0      -1.23062     0.0
  CY       -0.0         -0.0          0.0      0.00180985   -0.00135819    0.0     -0.0110412
  CL     -0.135467    -0.126916    0.534032       -0.0          0.0      20.4938      -0.0
──────────────────────────────────────────────────────────────────────────────────────────────
────────────────────────────────────────────────────────────────────────────
 vtail  Values                     Freestream   Derivatives
                ∂/∂M  ∂/∂α, 1/rad  ∂/∂β, 1/rad     ∂/∂p̄      ∂/∂q̄    ∂/∂r̄
────────────────────────────────────────────────────────────────────────────
  CX     -0.0   0.0       0.0          0.0         -0.0      0.0     -0.0
  CY     -0.0   -0.0      0.0       -0.510984    0.0302014   -0.0  1.64849
  CZ     0.0    0.0      -0.0          0.0         -0.0      0.0     -0.0
  Cℓ     -0.0   -0.0      0.0      -0.0428284   0.00102134   -0.0  0.139605
  Cm     -0.0   -0.0      0.0         -0.0          0.0      -0.0    0.0
  Cn     0.0    0.0      -0.0       0.605427    -0.0349949   0.0   -1.95808
  CDi    0.0    0.0      -0.0          0.0         -0.0      -0.0    0.0
  CY     -0.0   -0.0      0.0       -0.504859    0.0297319   -0.0  1.62947
  CL     0.0    0.0      -0.0          0.0         -0.0      0.0     -0.0
────────────────────────────────────────────────────────────────────────────
─────────────────────────────────────────────────────────────────────────────────────────────
 aircraft    Values                             Freestream   Derivatives
                          ∂/∂M     ∂/∂α, 1/rad  ∂/∂β, 1/rad     ∂/∂p̄        ∂/∂q̄      ∂/∂r̄
─────────────────────────────────────────────────────────────────────────────────────────────
    CX     0.00115428  0.00336773   0.0566639       0.0         -0.0      -1.32074    -0.0
    CY        -0.0        -0.0         0.0       -0.512523   -0.0520108     -0.0    1.68275
    CZ      0.371313    0.333535     6.13932        0.0         -0.0      95.8062     -0.0
    Cℓ        -0.0        0.0          0.0      -0.0555946    -0.506765     -0.0    0.367227
    Cm      -1.28558    -1.22428    -28.6787       -0.0         -0.0      -493.291    0.0
    Cn        0.0         0.0         -0.0       0.600254    -0.00790864    0.0     -1.94261
   CDi     0.0150647   0.0254933    0.186062        0.0          0.0      1.63279     0.0
    CY        -0.0        -0.0         0.0       -0.505445    -0.114556     -0.0    1.69289
    CL      0.372603    0.334994     6.14831        0.0          0.0      95.4341     -0.0
─────────────────────────────────────────────────────────────────────────────────────────────

AIRCRAFT DERIVATIVES ONLY
================================================================================

────────────────────────────────────────────────────────────────────────────────────────
        Values                             Freestream   Derivatives
                     ∂/∂M     ∂/∂α, 1/rad  ∂/∂β, 1/rad     ∂/∂p̄        ∂/∂q̄      ∂/∂r̄
────────────────────────────────────────────────────────────────────────────────────────
 CX   0.00115428  0.00336773   0.0566639       0.0         -0.0      -1.32074    -0.0
 CY      -0.0        -0.0         0.0       -0.512523   -0.0520108     -0.0    1.68275
 CZ    0.371313    0.333535     6.13932        0.0         -0.0      95.8062     -0.0
 Cℓ      -0.0        0.0          0.0      -0.0555946    -0.506765     -0.0    0.367227
 Cm    -1.28558    -1.22428    -28.6787       -0.0         -0.0      -493.291    0.0
 Cn      0.0         0.0         -0.0       0.600254    -0.00790864    0.0     -1.94261
 CDi  0.0150647   0.0254933    0.186062        0.0          0.0      1.63279     0.0
 CY      -0.0        -0.0         0.0       -0.505445    -0.114556     -0.0    1.69289
 CL    0.372603    0.334994     6.14831        0.0          0.0      95.4341     -0.0
────────────────────────────────────────────────────────────────────────────────────────
