VLM FREESTREAM DERIVATIVES
================================================================================

───────────────────────────────────────────────────────────────────────────────────────────
 wing    Values                             Freestream   Derivatives
                      ∂/∂M     ∂/∂α, 1/rad  ∂/∂β, 1/rad     ∂/∂p̄        ∂/∂q̄       ∂/∂r̄
───────────────────────────────────────────────────────────────────────────────────────────
  CX   0.00586489  0.00940614   0.112244       -0.0         -0.0      -3.11854     -0.0
  CY      -0.0        -0.0         0.0      -0.0148089   -0.0729677     -0.0    0.0976482
  CZ    0.503483    0.458932     5.60968        0.0          0.0      75.1635      -0.0
  Cℓ      -0.0        0.0          0.0      -0.0185721    -0.495175     -0.0     0.303959
  Cm    -2.33107    -2.21457    -24.5731       -0.0         -0.0      -331.681     0.0
  Cn      0.0         0.0         -0.0       0.0110839    0.0151108     0.0     -0.0654583
 CDi   0.0109553   0.0177186    0.216536        0.0          0.0      2.83442      -0.0
  CY      -0.0        0.0          0.0      -0.0020579    -0.142936     -0.0    0.0739243
  CL    0.503423    0.458746     5.61324        0.0         -0.0      74.9389      -0.0
───────────────────────────────────────────────────────────────────────────────────────────
──────────────────────────────────────────────────────────────────────────────────────────────
 htail    Values                               Freestream   Derivatives
                        ∂/∂M      ∂/∂α, 1/rad  ∂/∂β, 1/rad     ∂/∂p̄        ∂/∂q̄       ∂/∂r̄
──────────────────────────────────────────────────────────────────────────────────────────────
  CX    -0.00479811  -0.00628901   -0.057552      -0.0          0.0      1.82745      0.0
  CY        0.0          0.0          0.0       0.0138429   -0.00963662    -0.0    -0.0646421
  CZ     -0.137181    -0.129136    0.527361       -0.0         -0.0      20.6407      0.0
  Cℓ        0.0         -0.0         -0.0      0.00760242   -0.0126427     0.0     -0.0808944
  Cm      1.07236      1.01195     -4.09003        0.0          0.0      -161.605     -0.0
  Cn       -0.0         -0.0         -0.0      -0.0168102    0.0128168     0.0     0.0820658
  CDi   0.00407278   0.00764528   -0.0324466       0.0         -0.0      -1.23384     -0.0
  CY        0.0         -0.0         -0.0      0.00181375   -0.00135823    0.0     -0.011044
  CL     -0.135815    -0.127466    0.532684       -0.0         -0.0      20.4937      0.0
──────────────────────────────────────────────────────────────────────────────────────────────
────────────────────────────────────────────────────────────────────────────
 vtail  Values                     Freestream   Derivatives
                ∂/∂M  ∂/∂α, 1/rad  ∂/∂β, 1/rad     ∂/∂p̄      ∂/∂q̄    ∂/∂r̄
────────────────────────────────────────────────────────────────────────────
  CX     0.0    0.0       0.0          0.0         -0.0      -0.0    -0.0
  CY     0.0    0.0      -0.0       -0.511546    0.030209    -0.0  1.64882
  CZ     -0.0   -0.0      0.0         -0.0          0.0      0.0     0.0
  Cℓ     0.0    0.0      -0.0      -0.0428739   0.00102181   -0.0  0.139631
  Cm     0.0    0.0      -0.0          0.0         -0.0      -0.0    -0.0
  Cn     -0.0   -0.0      0.0       0.606092    -0.0350038   0.0   -1.95847
  CDi    0.0    0.0      -0.0         -0.0          0.0      -0.0    0.0
  CY     0.0    0.0      -0.0       -0.505375    0.0297362   -0.0  1.62968
  CL     -0.0   -0.0      0.0          0.0         -0.0      0.0     -0.0
────────────────────────────────────────────────────────────────────────────
─────────────────────────────────────────────────────────────────────────────────────────────
 aircraft    Values                             Freestream   Derivatives
                          ∂/∂M     ∂/∂α, 1/rad  ∂/∂β, 1/rad     ∂/∂p̄        ∂/∂q̄      ∂/∂r̄
─────────────────────────────────────────────────────────────────────────────────────────────
    CX     0.00106678  0.00311714   0.0546924       0.0         -0.0      -1.29109    -0.0
    CY        0.0         0.0         -0.0       -0.512512   -0.0523953     -0.0    1.68183
    CZ      0.366302    0.329796     6.13704        0.0         -0.0      95.8043     0.0
    Cℓ        -0.0        0.0         -0.0      -0.0538436    -0.506795     -0.0    0.362695
    Cm      -1.25871    -1.20262    -28.6631        0.0         -0.0      -493.286    -0.0
    Cn        -0.0        -0.0         0.0       0.600366    -0.00707619    0.0     -1.94187
   CDi     0.0150281   0.0253639    0.184089        0.0          0.0      1.60057     -0.0
    CY        0.0         0.0         -0.0       -0.505619    -0.114558     -0.0    1.69256
    CL      0.367608    0.33128      6.14593        0.0         -0.0      95.4326     0.0
─────────────────────────────────────────────────────────────────────────────────────────────

AIRCRAFT DERIVATIVES ONLY
================================================================================

────────────────────────────────────────────────────────────────────────────────────────
        Values                             Freestream   Derivatives
                     ∂/∂M     ∂/∂α, 1/rad  ∂/∂β, 1/rad     ∂/∂p̄        ∂/∂q̄      ∂/∂r̄
────────────────────────────────────────────────────────────────────────────────────────
 CX   0.00106678  0.00311714   0.0546924       0.0         -0.0      -1.29109    -0.0
 CY      0.0         0.0         -0.0       -0.512512   -0.0523953     -0.0    1.68183
 CZ    0.366302    0.329796     6.13704        0.0         -0.0      95.8043     0.0
 Cℓ      -0.0        0.0         -0.0      -0.0538436    -0.506795     -0.0    0.362695
 Cm    -1.25871    -1.20262    -28.6631        0.0         -0.0      -493.286    -0.0
 Cn      -0.0        -0.0         0.0       0.600366    -0.00707619    0.0     -1.94187
 CDi  0.0150281   0.0253639    0.184089        0.0          0.0      1.60057     -0.0
 CY      0.0         0.0         -0.0       -0.505619    -0.114558     -0.0    1.69256
 CL    0.367608    0.33128      6.14593        0.0         -0.0      95.4326     0.0
────────────────────────────────────────────────────────────────────────────────────────
