VLM FREESTREAM DERIVATIVES
================================================================================

────────────────────────────────────────────────────────────────────────────────────────
 wing   Values                            Freestream   Derivatives
                    ∂/∂M     ∂/∂α, 1/rad  ∂/∂β, 1/rad     ∂/∂p̄        ∂/∂q̄      ∂/∂r̄
────────────────────────────────────────────────────────────────────────────────────────
  CX   0.0180922  0.0321776   0.202428       -0.0         -0.0      -5.79014     0.0
  CY     -0.0       -0.0         0.0       -0.054741   -0.00108193    0.0     0.176948
  CZ   0.955706   0.758439     5.59878       -0.0          0.0      75.1686     -0.0
  Cℓ      0.0        0.0         0.0       -0.139088    -0.521651     0.0     0.584858
  Cm   -4.37175   -3.58361    -24.5272        0.0         -0.0      -332.386    -0.0
  Cn     -0.0       -0.0        -0.0       0.0381624   -0.0771691     -0.0    -0.124525
 CDi   0.0322219  0.0515738   0.377217       -0.0          0.0      5.06295      0.0
  CY      0.0       -0.0         0.0      -0.0204449    -0.148828     -0.0    0.0993251
  CL   0.956412   0.758087     5.61255       -0.0          0.0       74.795      0.0
────────────────────────────────────────────────────────────────────────────────────────
─────────────────────────────────────────────────────────────────────────────────────────────
 htail    Values                              Freestream   Derivatives
                        ∂/∂M     ∂/∂α, 1/rad  ∂/∂β, 1/rad     ∂/∂p̄        ∂/∂q̄       ∂/∂r̄
─────────────────────────────────────────────────────────────────────────────────────────────
  CX    -0.00564232  -0.0072293  -0.0279278      -0.0         -0.0      2.58365      0.0
  CY        0.0         0.0         -0.0       0.0260585   -0.0110947     -0.0    -0.0626033
  CZ     -0.131516   -0.126352    0.661985        0.0         -0.0      23.8993      -0.0
  Cℓ        0.0         -0.0         0.0       0.0254614   -0.0135749     0.0     -0.0723395
  Cm      1.17417     1.13322      -5.8364       -0.0          0.0      -213.254     0.0
  Cn       -0.0         0.0          0.0      -0.0339961    0.0154571     0.0     0.0822966
  CDi   0.00324684   0.00635639  -0.0322422      -0.0          0.0      -1.17699     0.0
  CY       -0.0         -0.0         0.0      0.00369437   -0.00141705    0.0     -0.0095837
  CL     -0.131139   -0.126603    0.659078        0.0         -0.0      23.8342      -0.0
─────────────────────────────────────────────────────────────────────────────────────────────
────────────────────────────────────────────────────────────────────────────
 vtail  Values                     Freestream   Derivatives
                ∂/∂M  ∂/∂α, 1/rad  ∂/∂β, 1/rad     ∂/∂p̄      ∂/∂q̄    ∂/∂r̄
────────────────────────────────────────────────────────────────────────────
  CX     0.0    0.0      -0.0         -0.0          0.0      -0.0    0.0
  CY     -0.0   -0.0      0.0       -0.490859    0.0223237   0.0   1.56342
  CZ     -0.0   -0.0      0.0          0.0         -0.0      0.0     -0.0
  Cℓ     -0.0   -0.0      0.0      -0.0428903   -0.00024687  0.0   0.139322
  Cm     0.0    0.0      -0.0         -0.0          0.0      -0.0    0.0
  Cn     0.0    0.0      -0.0       0.592455    -0.0258213   -0.0  -1.88899
  CDi    0.0    -0.0     -0.0          0.0         -0.0      -0.0    -0.0
  CY     -0.0   -0.0      0.0       -0.483594    0.0219473   0.0   1.54045
  CL     0.0    0.0      -0.0          0.0         -0.0      -0.0    -0.0
────────────────────────────────────────────────────────────────────────────
───────────────────────────────────────────────────────────────────────────────────────────
 aircraft   Values                            Freestream   Derivatives
                        ∂/∂M     ∂/∂α, 1/rad  ∂/∂β, 1/rad     ∂/∂p̄        ∂/∂q̄      ∂/∂r̄
───────────────────────────────────────────────────────────────────────────────────────────
    CX     0.0124499  0.0249483    0.1745        -0.0          0.0      -3.20649    0.0
    CY       -0.0       -0.0         0.0       -0.519542    0.0101471     0.0     1.67777
    CZ      0.82419   0.632087     6.26076       -0.0          0.0       99.068     -0.0
    Cℓ        0.0       -0.0         0.0       -0.156517    -0.535473     0.0     0.651841
    Cm     -3.19758   -2.45039    -30.3636        0.0         -0.0      -545.641    0.0
    Cn        0.0        0.0        -0.0       0.596621    -0.0875333     -0.0    -1.93122
   CDi     0.0354688  0.0579302   0.344974        0.0          0.0      3.88596     -0.0
    CY       -0.0       -0.0         0.0       -0.500345    -0.128298     0.0     1.63019
    CL     0.825273   0.631484     6.27163       -0.0          0.0      98.6292     -0.0
───────────────────────────────────────────────────────────────────────────────────────────

AIRCRAFT DERIVATIVES ONLY
================================================================================

──────────────────────────────────────────────────────────────────────────────────────
       Values                            Freestream   Derivatives
                   ∂/∂M     ∂/∂α, 1/rad  ∂/∂β, 1/rad     ∂/∂p̄        ∂/∂q̄      ∂/∂r̄
──────────────────────────────────────────────────────────────────────────────────────
 CX   0.0124499  0.0249483    0.1745        -0.0          0.0      -3.20649    0.0
 CY     -0.0       -0.0         0.0       -0.519542    0.0101471     0.0     1.67777
 CZ    0.82419   0.632087     6.26076       -0.0          0.0       99.068     -0.0
 Cℓ      0.0       -0.0         0.0       -0.156517    -0.535473     0.0     0.651841
 Cm   -3.19758   -2.45039    -30.3636        0.0         -0.0      -545.641    0.0
 Cn      0.0        0.0        -0.0       0.596621    -0.0875333     -0.0    -1.93122
 CDi  0.0354688  0.0579302   0.344974        0.0          0.0      3.88596     -0.0
 CY     -0.0       -0.0         0.0       -0.500345    -0.128298     0.0     1.63019
 CL   0.825273   0.631484     6.27163       -0.0          0.0      98.6292     -0.0
──────────────────────────────────────────────────────────────────────────────────────
