VLM FREESTREAM DERIVATIVES
================================================================================

────────────────────────────────────────────────────────────────────────────────────────
 wing   Values                            Freestream   Derivatives
                    ∂/∂M     ∂/∂α, 1/rad  ∂/∂β, 1/rad     ∂/∂p̄        ∂/∂q̄      ∂/∂r̄
────────────────────────────────────────────────────────────────────────────────────────
  CX   0.0212011  0.0509834   0.240276        0.0         -0.0      -5.07968     0.0
  CY     -0.0       -0.0        -0.0      -0.0663913   -0.00317011    -0.0    0.199716
  CZ    1.02954    1.0965      6.03289        0.0          0.0      86.8193     -0.0
  Cℓ     -0.0        0.0        -0.0       -0.162656    -0.548996     0.0     0.629078
  Cm   -4.42353   -4.89712    -24.7328       -0.0         -0.0      -359.872    -0.0
  Cn      0.0        0.0         0.0       0.0450565    -0.078923     0.0     -0.137825
 CDi   0.0374496  0.080744    0.438238        0.0          0.0      6.31754     -0.0
  CY     -0.0        0.0         0.0      -0.0266756    -0.156549     -0.0    0.109047
  CL    1.03017    1.09527     6.04533        0.0          0.0      86.4078      0.0
────────────────────────────────────────────────────────────────────────────────────────
──────────────────────────────────────────────────────────────────────────────────────────────
 htail    Values                               Freestream   Derivatives
                        ∂/∂M      ∂/∂α, 1/rad  ∂/∂β, 1/rad     ∂/∂p̄        ∂/∂q̄       ∂/∂r̄
──────────────────────────────────────────────────────────────────────────────────────────────
  CX    -0.00601005  -0.00940594  -0.0322286      -0.0         -0.0      2.34558      -0.0
  CY        0.0         -0.0         -0.0       0.0354734   -0.0132723     0.0     -0.0832357
  CZ     -0.145677    -0.182156    0.703189       -0.0          0.0      24.7811      0.0
  Cℓ        0.0         -0.0         -0.0       0.0331668   -0.0152276     0.0     -0.0856132
  Cm      1.12582      1.41637     -5.36168        0.0         -0.0      -191.383     -0.0
  Cn       -0.0          0.0          0.0       -0.040646    0.0162161     -0.0     0.09572
  CDi   0.00399905    0.0102672   -0.0378078       0.0         -0.0      -1.35383     0.0
  CY       -0.0         -0.0         -0.0      0.00498689   -0.00167548    0.0     -0.0123563
  CL     -0.145337    -0.182908    0.699805       -0.0          0.0      24.7197      0.0
──────────────────────────────────────────────────────────────────────────────────────────────
────────────────────────────────────────────────────────────────────────────
 vtail  Values                     Freestream   Derivatives
                ∂/∂M  ∂/∂α, 1/rad  ∂/∂β, 1/rad     ∂/∂p̄      ∂/∂q̄    ∂/∂r̄
────────────────────────────────────────────────────────────────────────────
  CX     -0.0   -0.0     -0.0          0.0         -0.0      0.0     -0.0
  CY     0.0    0.0       0.0       -0.572894    0.0619905   -0.0  1.73461
  CZ     0.0    0.0       0.0         -0.0          0.0      -0.0    0.0
  Cℓ     0.0    0.0       0.0       -0.037678   0.00229354   -0.0  0.117899
  Cm     -0.0   -0.0     -0.0          0.0         -0.0      0.0     -0.0
  Cn     -0.0   -0.0     -0.0       0.592565    -0.0633471   0.0   -1.7961
  CDi    0.0    0.0       0.0         -0.0          0.0      -0.0    0.0
  CY     0.0    0.0       0.0       -0.565088    0.0611464   -0.0  1.71103
  CL     -0.0   -0.0     -0.0          0.0         -0.0      0.0     -0.0
────────────────────────────────────────────────────────────────────────────
───────────────────────────────────────────────────────────────────────────────────────────
 aircraft   Values                            Freestream   Derivatives
                        ∂/∂M     ∂/∂α, 1/rad  ∂/∂β, 1/rad     ∂/∂p̄        ∂/∂q̄      ∂/∂r̄
───────────────────────────────────────────────────────────────────────────────────────────
    CX     0.0151911  0.0415775   0.208047        0.0         -0.0      -2.7341     -0.0
    CY        0.0        0.0         0.0       -0.603812    0.045548      -0.0    1.85109
    CZ     0.883861   0.914345     6.73608       -0.0          0.0       111.6      0.0
    Cℓ       -0.0        0.0         0.0       -0.167167    -0.56193      0.0     0.661364
    Cm     -3.29771   -3.48075    -30.0945        0.0         -0.0      -551.256    -0.0
    Cn       -0.0       -0.0        -0.0       0.596975     -0.126054     0.0     -1.8382
   CDi     0.0414487  0.0910112    0.40043       -0.0          0.0      4.96371     0.0
    CY        0.0        0.0         0.0       -0.586777   -0.0970777     -0.0    1.80772
    CL     0.884838   0.912366     6.74514       -0.0          0.0      111.127     0.0
───────────────────────────────────────────────────────────────────────────────────────────

AIRCRAFT DERIVATIVES ONLY
================================================================================

──────────────────────────────────────────────────────────────────────────────────────
       Values                            Freestream   Derivatives
                   ∂/∂M     ∂/∂α, 1/rad  ∂/∂β, 1/rad     ∂/∂p̄        ∂/∂q̄      ∂/∂r̄
──────────────────────────────────────────────────────────────────────────────────────
 CX   0.0151911  0.0415775   0.208047        0.0         -0.0      -2.7341     -0.0
 CY      0.0        0.0         0.0       -0.603812    0.045548      -0.0    1.85109
 CZ   0.883861   0.914345     6.73608       -0.0          0.0       111.6      0.0
 Cℓ     -0.0        0.0         0.0       -0.167167    -0.56193      0.0     0.661364
 Cm   -3.29771   -3.48075    -30.0945        0.0         -0.0      -551.256    -0.0
 Cn     -0.0       -0.0        -0.0       0.596975     -0.126054     0.0     -1.8382
 CDi  0.0414487  0.0910112    0.40043       -0.0          0.0      4.96371     0.0
 CY      0.0        0.0         0.0       -0.586777   -0.0970777     -0.0    1.80772
 CL   0.884838   0.912366     6.74514       -0.0          0.0      111.127     0.0
──────────────────────────────────────────────────────────────────────────────────────
