VLM FREESTREAM DERIVATIVES
================================================================================

───────────────────────────────────────────────────────────────────────────────────────────
 wing    Values                             Freestream   Derivatives
                      ∂/∂M     ∂/∂α, 1/rad  ∂/∂β, 1/rad     ∂/∂p̄        ∂/∂q̄       ∂/∂r̄
───────────────────────────────────────────────────────────────────────────────────────────
  CX   0.00417912  0.00654577   0.0911977      -0.0         -0.0      -2.61464     -0.0
  CY      0.0         0.0         -0.0      -0.0119337   -0.0810504     -0.0    0.0876878
  CZ    0.418943    0.381999     5.59306        0.0          0.0      75.1118      -0.0
  Cℓ      -0.0        0.0          0.0      -0.0159167    -0.495517     -0.0     0.273483
  Cm    -1.93501    -1.8412     -24.4999       -0.0         -0.0      -331.533     0.0
  Cn      0.0         -0.0        -0.0      0.00852014    0.0271898     0.0     -0.0583816
 CDi   0.00779394  0.0123424     0.1799         0.0          0.0      2.35664      -0.0
  CY      -0.0        0.0         -0.0      -0.00191682   -0.142999     -0.0    0.0702219
  CL    0.418907    0.38187      5.59625        0.0          0.0      74.9219      -0.0
───────────────────────────────────────────────────────────────────────────────────────────
──────────────────────────────────────────────────────────────────────────────────────────────
 htail    Values                               Freestream   Derivatives
                        ∂/∂M      ∂/∂α, 1/rad  ∂/∂β, 1/rad     ∂/∂p̄        ∂/∂q̄       ∂/∂r̄
──────────────────────────────────────────────────────────────────────────────────────────────
  CX    -0.00371797  -0.00467326  -0.0534612      -0.0          0.0      1.62814      -0.0
  CY        0.0          0.0          0.0       0.0126831   -0.00895777    0.0     -0.0599661
  CZ     -0.126976    -0.116383    0.541919       -0.0          0.0      20.6265      -0.0
  Cℓ        0.0          0.0         -0.0       0.0077964   -0.0125259     -0.0    -0.0794272
  Cm     0.992595     0.912033     -4.21288        0.0         -0.0      -161.497     0.0
  Cn       -0.0         -0.0         -0.0      -0.0154017    0.0118727     -0.0     0.075877
  CDi    0.0034968   0.00639187    -0.030825      -0.0         -0.0      -1.14342     0.0
  CY        0.0          0.0         -0.0      0.00183709   -0.00135784    -0.0    -0.0110171
  CL     -0.125842    -0.115029    0.546719        0.0          0.0      20.4966      -0.0
──────────────────────────────────────────────────────────────────────────────────────────────
────────────────────────────────────────────────────────────────────────────
 vtail  Values                     Freestream   Derivatives
                ∂/∂M  ∂/∂α, 1/rad  ∂/∂β, 1/rad     ∂/∂p̄      ∂/∂q̄    ∂/∂r̄
────────────────────────────────────────────────────────────────────────────
  CX     0.0    -0.0      0.0          0.0         -0.0      -0.0    -0.0
  CY     0.0    -0.0     -0.0       -0.506922    0.030176    -0.0  1.64742
  CZ     -0.0   0.0       0.0          0.0         -0.0      0.0     -0.0
  Cℓ     0.0    -0.0     -0.0       -0.042523   0.00102283   -0.0  0.139532
  Cm     0.0    -0.0     -0.0         -0.0          0.0      -0.0    0.0
  Cn     -0.0   0.0       0.0       0.600652    -0.0349673   0.0   -1.95685
  CDi    0.0    -0.0     -0.0         -0.0          0.0      -0.0    0.0
  CY     0.0    -0.0     -0.0       -0.501849    0.0297775   -0.0  1.63157
  CL     -0.0   0.0       0.0          0.0         -0.0      0.0     -0.0
────────────────────────────────────────────────────────────────────────────
──────────────────────────────────────────────────────────────────────────────────────────────
 aircraft    Values                             Freestream   Derivatives
                          ∂/∂M     ∂/∂α, 1/rad  ∂/∂β, 1/rad     ∂/∂p̄        ∂/∂q̄       ∂/∂r̄
──────────────────────────────────────────────────────────────────────────────────────────────
    CX     0.00046115  0.00187252   0.0377365       0.0          0.0      -0.986502    -0.0
    CY        0.0         -0.0        -0.0       -0.506173   -0.0598321     -0.0     1.67515
    CZ      0.291967    0.265616     6.13498        0.0          0.0       95.7383     -0.0
    Cℓ        -0.0        0.0         -0.0      -0.0506433    -0.50702      -0.0     0.333588
    Cm     -0.942418   -0.929169    -28.7128       -0.0         -0.0      -493.029     0.0
    Cn        -0.0        0.0          0.0       0.593771    0.00409518      0.0     -1.93935
   CDi     0.0112907   0.0187343    0.149076        0.0          0.0       1.21321     0.0
    CY        0.0         -0.0        -0.0       -0.501929    -0.114579     -0.0     1.69077
    CL      0.293065    0.266841     6.14297        0.0          0.0       95.4184     -0.0
──────────────────────────────────────────────────────────────────────────────────────────────

AIRCRAFT DERIVATIVES ONLY
================================================================================

─────────────────────────────────────────────────────────────────────────────────────────
        Values                             Freestream   Derivatives
                     ∂/∂M     ∂/∂α, 1/rad  ∂/∂β, 1/rad     ∂/∂p̄        ∂/∂q̄       ∂/∂r̄
─────────────────────────────────────────────────────────────────────────────────────────
 CX   0.00046115  0.00187252   0.0377365       0.0          0.0      -0.986502    -0.0
 CY      0.0         -0.0        -0.0       -0.506173   -0.0598321     -0.0     1.67515
 CZ    0.291967    0.265616     6.13498        0.0          0.0       95.7383     -0.0
 Cℓ      -0.0        0.0         -0.0      -0.0506433    -0.50702      -0.0     0.333588
 Cm   -0.942418   -0.929169    -28.7128       -0.0         -0.0      -493.029     0.0
 Cn      -0.0        0.0          0.0       0.593771    0.00409518      0.0     -1.93935
 CDi  0.0112907   0.0187343    0.149076        0.0          0.0       1.21321     0.0
 CY      0.0         -0.0        -0.0       -0.501929    -0.114579     -0.0     1.69077
 CL    0.293065    0.266841     6.14297        0.0          0.0       95.4184     -0.0
─────────────────────────────────────────────────────────────────────────────────────────
