VLM FREESTREAM DERIVATIVES
================================================================================

────────────────────────────────────────────────────────────────────────────────────────
 wing   Values                            Freestream   Derivatives
                    ∂/∂M     ∂/∂α, 1/rad  ∂/∂β, 1/rad     ∂/∂p̄        ∂/∂q̄      ∂/∂r̄
────────────────────────────────────────────────────────────────────────────────────────
  CX   0.0180922  0.0321776   0.202428        0.0          0.0      -5.79014    -0.0
  CY     -0.0       -0.0         0.0       -0.054948   -0.00107324    0.0     0.177611
  CZ   0.955706   0.758439     5.59878       -0.0         -0.0      75.1686      0.0
  Cℓ      0.0        0.0         0.0       -0.138797    -0.521673     0.0     0.583934
  Cm   -4.37175   -3.58361    -24.5272        0.0          0.0      -332.386    -0.0
  Cn     -0.0       -0.0        -0.0       0.0384639   -0.0771828     -0.0    -0.125489
 CDi   0.0322219  0.0515738   0.377217       -0.0         -0.0      5.06295      0.0
  CY      0.0       -0.0        -0.0      -0.0204255    -0.148829     -0.0    0.099263
  CL   0.956412   0.758087     5.61255       -0.0          0.0       74.795      0.0
────────────────────────────────────────────────────────────────────────────────────────
─────────────────────────────────────────────────────────────────────────────────────────────
 htail    Values                              Freestream   Derivatives
                        ∂/∂M     ∂/∂α, 1/rad  ∂/∂β, 1/rad     ∂/∂p̄        ∂/∂q̄       ∂/∂r̄
─────────────────────────────────────────────────────────────────────────────────────────────
  CX    -0.00564232  -0.0072293  -0.0279278      -0.0         -0.0      2.58365      -0.0
  CY       -0.0         -0.0        -0.0       0.0368619   -0.0122885     0.0     -0.0964147
  CZ     -0.131516   -0.126352    0.661985       -0.0         -0.0      23.8993      0.0
  Cℓ       -0.0         -0.0        -0.0       0.032798    -0.0142944     0.0     -0.0954854
  Cm      1.17417     1.13322      -5.8364        0.0          0.0      -213.254     -0.0
  Cn        0.0         0.0          0.0      -0.0482119    0.0170145     -0.0     0.126809
  CDi   0.00324684   0.00635639  -0.0322422      -0.0          0.0      -1.17699     0.0
  CY       -0.0         -0.0        -0.0      0.00519299   -0.00157973    0.0     -0.0142895
  CL     -0.131139   -0.126603    0.659078       -0.0         -0.0      23.8342      0.0
─────────────────────────────────────────────────────────────────────────────────────────────
────────────────────────────────────────────────────────────────────────────
 vtail  Values                     Freestream   Derivatives
                ∂/∂M  ∂/∂α, 1/rad  ∂/∂β, 1/rad     ∂/∂p̄      ∂/∂q̄    ∂/∂r̄
────────────────────────────────────────────────────────────────────────────
  CX     0.0    0.0       0.0         -0.0          0.0      -0.0    0.0
  CY     0.0    0.0       0.0       -0.865964    0.0473524   -0.0  2.75785
  CZ     -0.0   -0.0     -0.0          0.0         -0.0      0.0     -0.0
  Cℓ     0.0    0.0       0.0      -0.0718118   -0.00053446  -0.0  0.233661
  Cm     0.0    0.0       0.0         -0.0          0.0      -0.0    0.0
  Cn     -0.0   -0.0     -0.0        1.04962    -0.0554502   0.0   -3.34583
  CDi    0.0    0.0       0.0         -0.0          0.0      -0.0    0.0
  CY     0.0    0.0       0.0        -0.8538     0.046651    -0.0   2.7193
  CL     -0.0   -0.0     -0.0          0.0         -0.0      0.0     -0.0
────────────────────────────────────────────────────────────────────────────
───────────────────────────────────────────────────────────────────────────────────────────
 aircraft   Values                            Freestream   Derivatives
                        ∂/∂M     ∂/∂α, 1/rad  ∂/∂β, 1/rad     ∂/∂p̄        ∂/∂q̄      ∂/∂r̄
───────────────────────────────────────────────────────────────────────────────────────────
    CX     0.0124499  0.0249483    0.1745        -0.0          0.0      -3.20649    0.0
    CY        0.0        0.0         0.0       -0.88405     0.0339906     -0.0    2.83904
    CZ      0.82419   0.632087     6.26076       -0.0         -0.0       99.068     -0.0
    Cℓ        0.0        0.0         0.0       -0.177811    -0.536502     0.0     0.72211
    Cm     -3.19758   -2.45039    -30.3636       -0.0          0.0      -545.641    0.0
    Cn       -0.0       -0.0        -0.0        1.03987     -0.115619     0.0     -3.34451
   CDi     0.0354688  0.0579302   0.344974       -0.0          0.0      3.88596     0.0
    CY        0.0        0.0         0.0       -0.869033    -0.103758     -0.0    2.80427
    CL     0.825273   0.631484     6.27163       -0.0          0.0      98.6292     0.0
───────────────────────────────────────────────────────────────────────────────────────────

AIRCRAFT DERIVATIVES ONLY
================================================================================

──────────────────────────────────────────────────────────────────────────────────────
       Values                            Freestream   Derivatives
                   ∂/∂M     ∂/∂α, 1/rad  ∂/∂β, 1/rad     ∂/∂p̄        ∂/∂q̄      ∂/∂r̄
──────────────────────────────────────────────────────────────────────────────────────
 CX   0.0124499  0.0249483    0.1745        -0.0          0.0      -3.20649    0.0
 CY      0.0        0.0         0.0       -0.88405     0.0339906     -0.0    2.83904
 CZ    0.82419   0.632087     6.26076       -0.0         -0.0       99.068     -0.0
 Cℓ      0.0        0.0         0.0       -0.177811    -0.536502     0.0     0.72211
 Cm   -3.19758   -2.45039    -30.3636       -0.0          0.0      -545.641    0.0
 Cn     -0.0       -0.0        -0.0        1.03987     -0.115619     0.0     -3.34451
 CDi  0.0354688  0.0579302   0.344974       -0.0          0.0      3.88596     0.0
 CY      0.0        0.0         0.0       -0.869033    -0.103758     -0.0    2.80427
 CL   0.825273   0.631484     6.27163       -0.0          0.0      98.6292     0.0
──────────────────────────────────────────────────────────────────────────────────────
